time,x,y,z,phi,theta,psi,x_velocity,y_velocity,z_velocity,phi_velocity,theta_velocity,psi_velocity,rotor_speed1,rotor_speed2,rotor_speed3,rotor_speed4
0.06,2.05969826245e-08,-1.04236817848e-07,10.0058001489,6.28296758265,6.28316055541,0.0,2.1049913596e-06,-1.46691921436e-05,0.193324664825,-0.0121085046351,-0.0012507003775,0.0,465.79856473587887,465.700773583817,465.8653730876596,464.9178659221808
0.12000000000000001,1.01780136542e-06,-8.84313672402e-06,10.0222873513,6.28180932973,6.2827012331,0.0,5.55222878521e-05,-0.000374133526854,0.356211322399,-0.0403317110315,-0.0252743676352,0.0,456.70969378494226,454.78996095181503,458.3209039902865,456.0725771335677
0.18,1.81900779577e-05,-6.39845864869e-05,10.0440799835,6.27968990011,6.281164425,0.0,0.000653162354431,-0.00166516696382,0.37020462007,-0.0268294179426,-0.026300344755,0.0,409.08952865066556,408.9979930446223,408.042040411247,409.24473910736606
0.23999999999999996,0.000110574792664,-0.000251565743457,10.0717853883,6.27822596197,6.27988256279,0.0,0.00258792313154,-0.0047624840625,0.553236510206,-0.019934775011,-0.0129733757069,0.0,462.6301222850107,463.67810484723844,461.9120348591422,462.45527982123195
0.3,0.000337357512752,-0.000644761785236,10.1081826663,6.27753803754,6.27945790047,0.0,0.00503116647697,-0.00843680879192,0.659949288543,0.00160622360654,0.00267362754474,0.0,437.8846038531899,439.1842193719942,439.3014118077427,441.0837839965662
0.36000000000000004,0.000734796713067,-0.00129600447177,10.1559714785,6.27798463254,6.27963624572,0.0,0.00819450815986,-0.0132330719997,0.932829028061,0.0171136904561,0.00356345201529,0.0,488.9554189013644,489.0216355962791,488.7818694323157,489.93594989252404
0.4200000000000001,0.0012974557633,-0.00219177414397,10.2145787917,6.27877289324,6.28008791164,0.0,0.0105261937141,-0.016533112386,1.02067394013,0.00368255634535,0.0144660335284,0.0,433.9681986566574,434.8821725267857,433.9874469129091,432.85867438674734
0.48000000000000015,0.00198917532959,-0.00327360778677,10.2787250626,6.27857332192,6.28119266698,0.0,0.0124297171269,-0.0195202897587,1.11744544691,-0.0235032294573,0.0253229269253,0.0,437.2829076471017,438.1862258592978,437.275379837039,435.0051116254367
0.5400000000000001,0.00277869553457,-0.00456935162338,10.3536431584,6.27695734935,6.28265414146,0.0,0.013699262375,-0.0238590889271,1.37954498102,-0.0348672507187,0.0223546834955,0.0,486.6486889558242,486.42650941177595,487.6120904340324,486.76238929940234
0.6000000000000002,0.00360685259967,-0.00615524552223,10.4420881202,6.27486111314,0.00112899960367,0.0,0.0137311535215,-0.0292435761834,1.56837891239,-0.0350776474811,0.0366052019486,0.0,465.6141299111878,466.7277120919677,466.022758705721,466.0058543976878
0.6600000000000003,0.00440354125075,-0.00806436746353,10.5362693733,6.27284062525,0.00317938954447,0.0,0.0126386961421,-0.0345743315208,1.57099055114,-0.0310077158082,0.0288029211671,0.0,407.5827699300267,406.8855091345873,407.27340397653876,407.63665803239746
0.7200000000000003,0.00508343031182,-0.010377054621,10.6352058703,6.27043189265,0.00441336347891,0.0,0.00985064619921,-0.0427316876171,1.72666737536,-0.0733604483436,-0.00599873806854,0.0,458.1925478940064,455.4176212841444,458.1449094314937,454.76402766951844
0.7800000000000004,0.00558636706279,-0.0132148651001,10.7413319049,6.26601095001,0.00437822310024,0.0,0.00693244033989,-0.0522997430891,1.8107310354,-0.0743337625918,0.00849141294016,0.0,434.2572823508196,435.47099521410513,434.7333176479282,434.6473971707823
0.8400000000000004,0.00589211093064,-0.0167914214537,10.8567843874,6.26259678925,0.00540056787259,0.0,0.00316351796556,-0.0673717320838,2.03730008696,-0.0349668786059,0.0302048538933,0.0,478.63008723024075,480.2795728228279,476.02642035376766,479.02668448874647
0.9000000000000005,0.0059685280995,-0.0212448231756,10.9809543645,6.26036927972,0.00796921007115,0.0,-0.000834846579352,-0.0812813720245,2.10157665206,-0.0418335374609,0.0604127042204,0.0,428.1663966615298,430.7295482769772,429.96141068708476,429.37858689191785
0.9600000000000005,0.00573295556134,-0.0266214530718,11.1108590651,6.25803981556,0.0114847683325,0.0,-0.00739415163715,-0.0981898216489,2.22833121621,-0.0334002360964,0.0546803048076,0.0,449.9841399022863,449.52222209005,449.14433191474916,449.82699754650037
1.0200000000000005,0.00499975987171,-0.0331230439543,11.2508095529,6.25610456397,0.0142594361854,0.0,-0.017410766832,-0.11875140425,2.43625389649,-0.0300557465689,0.0184272288867,0.0,476.8270984069841,474.05058508378613,473.642925968367,473.8997429988173
1.0800000000000005,0.00365973704788,-0.0408075457877,11.399744498,6.25478913057,0.0151210452751,0.0,-0.0273544838906,-0.137546925853,2.52803849095,-0.0092641719024,0.00464288175245,0.0,440.7745212143035,439.6338023754661,439.1953385140033,440.9162863855939
1.1400000000000006,0.00173290696138,-0.0495963621511,11.5525617352,6.2540158784,0.0156898458677,0.0,-0.0369125071253,-0.155472114392,2.56578145036,-0.0213515764799,0.0177275989388,0.0,422.44486108227164,423.57151665731726,423.76402721844164,422.7238249889321
1.2000000000000006,-0.000926670043006,-0.059746512902,11.7167796768,6.25271790537,0.017288578512,0.0,-0.0519163844954,-0.18302044973,2.90733570529,-0.0222014676535,0.0402517820692,0.0,512.1948333917001,513.7942267509932,514.5118648716573,514.4517547237562
1.2600000000000007,-0.00447794117624,-0.0714837121384,11.8981526923,6.25128379539,0.0194079973972,0.0,-0.0667266405086,-0.208368707837,3.13781502235,-0.027539620417,0.0229853752463,0.0,484.9543811419279,483.65612052859365,484.493735945814,484.09220263648876
1.3200000000000007,-0.00887218175066,-0.0846258879778,12.0886217022,6.24987671772,0.0205595709058,0.0,-0.0798694206851,-0.22984664157,3.21093884911,-0.016323826815,0.0102588574792,0.0,439.6240472250168,438.56821521381687,436.3391548047155,437.27441343564936
1.3800000000000008,-0.0140754894346,-0.0990827387665,12.2834870781,6.24841816939,0.0213125107359,0.0,-0.0936373278479,-0.252152648472,3.28435694585,-0.0493852157723,0.0167753259646,0.0,438.31734464691175,438.8584670210293,439.7896138373344,437.0422772121634
1.4400000000000008,-0.0199985357629,-0.114712299137,12.47703475,6.24564495368,0.0228499348487,0.0,-0.103896667502,-0.26904503041,3.16755137634,-0.0405437362434,0.0391475850823,0.0,372.33471153409573,374.5174603949946,373.33040894943525,374.1904261197015
1.5000000000000009,-0.026702050032,-0.131621952053,12.6695818351,6.24313100765,0.0248033097332,0.0,-0.119767612894,-0.294847543879,3.25043282304,-0.0447569663521,0.0141830377991,0.0,441.82776006297604,439.7650573557281,442.0019371890276,441.653605913458
1.560000000000001,-0.034380263156,-0.150112763638,12.8666400092,6.24053834692,0.0257671824622,0.0,-0.136256524952,-0.321761970116,3.31796062716,-0.0402865205785,0.0195842682924,0.0,436.92736524955535,437.3773629888198,436.60196866742854,436.973724103377
1.620000000000001,-0.0430950089291,-0.17031303876,13.068777005,6.23828545456,0.0264356201015,0.0,-0.154332874278,-0.351806711332,3.41962045559,-0.0325691414844,-0.016746474718,0.0,449.64712264316444,446.6940887802971,447.9131097727844,448.539641739003
1.680000000000001,-0.0528232135571,-0.192229364372,13.2740982422,6.23637084494,0.0256266190519,0.0,-0.169861402133,-0.378908303008,3.42439474484,-0.0306239816322,-0.00764726775004,0.0,416.2383503931785,417.0340353759711,418.49350132392686,418.66234812882686
1.740000000000001,-0.0636751927492,-0.2161824645,13.4876909191,6.23474765987,0.0255130662821,0.0,-0.191816284767,-0.419709484161,3.694508908,-0.0207282726103,0.00766401529976,0.0,498.86401920112024,499.98085116730084,497.47676257636135,498.2007446476867
1.8000000000000012,-0.0757887101943,-0.242514846183,13.7152705638,6.23387701792,0.0255789961807,0.0,-0.211987929219,-0.458127229299,3.8908152453,-0.00431965285513,-0.0171733360917,0.0,480.15913483057005,478.27109145340165,478.56288219657245,479.8103835774455
1.8600000000000012,-0.0889270308137,-0.270818503577,13.9475246598,6.23384337196,0.0242850448317,0.0,-0.225867200791,-0.485348862032,3.85111924519,0.00605973760973,-0.0322419937243,0.0,406.8406396695448,405.48899569513634,405.39595245154237,406.32762090022027
1.9200000000000013,-0.1028589726,-0.30072267178,14.1767414017,6.23415456928,0.0227949917755,0.0,-0.238405327979,-0.511444193541,3.78964564115,0.00338049897486,-0.0130802666174,0.0,397.43289874556376,399.18522546952215,398.0676304243302,397.8222696618117
1.9800000000000013,-0.117538977274,-0.332223751666,14.402983034,6.23445476561,0.0216201812818,0.0,-0.25085597878,-0.538581141028,3.75186543245,0.00806600529621,-0.0375805170644,0.0,407.12750070148695,404.92917981530945,405.55568957227956,405.9762722966337
2.0400000000000014,-0.133023815057,-0.365534077216,14.6307769523,6.2345843334,0.0197369764388,0.0,-0.26509466517,-0.571718292906,3.84096985936,-0.0135472917211,-0.0212293224202,0.0,446.3827923624453,447.7148182855655,448.2886619301221,446.52885103493776
2.1000000000000014,-0.149397194506,-0.401005787237,14.8674016242,6.23345316557,0.0191078426101,0.0,-0.280566812149,-0.610751943793,4.04580262559,-0.0324360346739,0.00518669650582,0.0,481.3274569956092,483.3226635874749,483.7149423814548,482.2903734848337
2.1600000000000015,-0.166561072488,-0.438513668616,15.1095704241,6.23191147932,0.0198301944689,0.0,-0.291610250958,-0.639662408599,4.0265418168,-0.0148045535698,0.0230769105727,0.0,412.76048295752116,414.3363839342879,414.20894127274744,415.7565330845878
2.2200000000000015,-0.184560439804,-0.478183301012,15.3584091064,6.23105524543,0.0211673024146,0.0,-0.308518736354,-0.682724847904,4.26718969568,-0.0132234476658,0.0206527632764,0.0,494.34201369442314,494.1633105614981,494.18858117588866,494.30525059896587
2.2800000000000016,-0.203495432277,-0.52018575672,15.6164696005,6.23007849365,0.0224560224053,0.0,-0.32276562629,-0.717433266099,4.33455428576,-0.0232237089181,0.0230811720877,0.0,445.27911713768833,445.47775366176194,443.74546681398107,442.9237901231442
2.3400000000000016,-0.223310321177,-0.564287346742,15.8785037841,6.23006385677,0.0243334088457,0.0,-0.33788695869,-0.752660310214,4.3996511264,0.0257384175483,0.0440429162546,0.0,443.07971068641274,444.8001898164835,442.49221938987785,446.5050592668599
2.4000000000000017,-0.244046696199,-0.610438803709,16.1433676881,6.23159513527,0.0269296369878,0.0,-0.353562942066,-0.785582207324,4.42902511927,0.0250835753037,0.0416794891978,0.0,432.8669257024111,432.6690643786171,434.00876014052784,433.95392285170584
2.4600000000000017,-0.265760325381,-0.658517670712,16.4095899941,6.23254347875,0.0290859015036,0.0,-0.37043536971,-0.816926962692,4.44498231262,-0.0187919456215,0.0208373038755,0.0,430.84697361394336,429.0816003789467,430.45223007847255,426.7227286101229
2.520000000000002,-0.288598522495,-0.70860458296,16.6793961195,6.23111230249,0.0300201183218,0.0,-0.390941712879,-0.852749394144,4.54812377224,-0.0366229844977,0.00211590683666,0.0,458.35764585637673,456.86715237061424,457.1145393553816,455.6911517953145
2.580000000000002,-0.312613434046,-0.760753093792,16.9530615892,6.22931184498,0.030888432303,0.0,-0.409605378197,-0.885713169207,4.57392850195,-0.0192842750423,0.0318272307431,0.0,431.8594883110425,434.3586279796359,433.32983973241755,434.78473735462063
2.640000000000002,-0.337998092365,-0.815305089167,17.2355616761,6.22832059038,0.0330645911679,0.0,-0.436776465533,-0.932768053386,4.84160387059,-0.0114994470228,0.0439309088003,0.0,505.685564734165,506.55717763861566,505.6495941981056,506.2102639327663
2.700000000000002,-0.364913978763,-0.872444930444,17.5293891357,6.22755613042,0.0361921364333,0.0,-0.46070621189,-0.971948607939,4.95213547203,-0.0153474537237,0.0648601728374,0.0,460.66526641599955,462.3190505697046,464.18362922272934,463.8816486363087
2.760000000000002,-0.393307573468,-0.931909756015,17.8290553718,6.22676433991,0.0408438745935,0.0,-0.486166265956,-1.01028265638,5.03632558525,-0.00920874328395,0.0951894420155,0.0,455.1849197281709,457.6102529899844,454.8985846760316,455.39007220840966
2.820000000000002,-0.423196088914,-0.993511924976,18.1306112211,6.22656047708,0.0461367286475,0.0,-0.510588987341,-1.0431654597,5.01558487486,0.00623684782747,0.0682104629144,0.0,423.8493900655862,421.53061047212486,422.92782686253497,424.25634222084216
2.880000000000002,-0.454687865623,-1.05715336727,18.4320419655,6.22656041231,0.0501497153235,0.0,-0.539497297037,-1.07819980893,5.031997895,-0.0169631443548,0.0640881805148,0.0,436.0292714070897,435.68813006308517,435.4739636710635,433.5286915786518
2.940000000000002,-0.488317975652,-1.12327288368,18.7409542279,6.22574470052,0.0540511398169,0.0,-0.581923607099,-1.1258412472,5.26396785982,-0.00759135245133,0.0668312862704,0.0,500.13151988613026,500.33388905454933,499.742699663987,500.4255620782703
3.000000000000002,-0.524170530956,-1.19182979781,19.0561270798,6.22493729291,0.0578581392321,0.0,-0.613496698631,-1.15945295401,5.24184980398,-0.0290101473315,0.0556488546462,0.0,425.56651763100746,424.611197207605,426.3336353181142,424.49935810107536
3.0600000000000023,-0.562011683729,-1.26245405066,19.3704976733,6.22308927239,0.0607601687121,0.0,-0.648153060093,-1.19485120721,5.23713450539,-0.0346446016874,0.0269429519584,0.0,432.59997461460125,430.17699706822856,430.56499211216897,430.08759819280107
3.1200000000000023,-0.602360106329,-1.33561281125,19.6908153173,6.22213209403,0.0625860131963,0.0,-0.696940188798,-1.24388486949,5.43911195707,0.00698565167054,0.0366241873836,0.0,493.2428846516285,493.9576340987001,492.4600896706016,495.53020346946715
3.1800000000000024,-0.645435622075,-1.41149074014,20.0193426909,6.2229910126,0.0643135103583,0.0,-0.739091139877,-1.28530527762,5.51141522607,0.0259707332386,0.00456379675149,0.0,458.16028877030703,455.60390873697173,457.2187815826579,458.7289915273069
3.2400000000000024,-0.691092465316,-1.48985849494,20.3525774471,6.22416733283,0.0649388478996,0.0,-0.782827951841,-1.32680307358,5.59597901203,0.00214501389523,0.0201221918258,0.0,461.1578885595358,462.38530731859095,463.0601803702219,461.1817626715937
3.3000000000000025,-0.73949341082,-1.57079345209,20.6924542473,6.22439322349,0.0665597998746,0.0,-0.830650267303,-1.37098175874,5.73252367007,0.00682239622979,0.0381063652189,0.0,478.4086503178084,479.77636624642986,477.52125089602225,477.87790965621656
3.3600000000000025,-0.790596043188,-1.65419435264,21.0374277511,6.22457051667,0.0688682881555,0.0,-0.872974140057,-1.40902294734,5.76637720889,-0.00619224603018,0.0392015082185,0.0,448.0250448239577,448.1148021947269,449.8236091412905,448.768200752041
3.4200000000000026,-0.844592423211,-1.740141741,21.3888851272,6.22382404895,0.0707807524211,0.0,-0.927093731602,-1.45590410701,5.94786565244,-0.0294438574273,0.0102275707899,0.0,494.97581238930144,492.83880132864147,493.5084431423762,491.78901635559134
3.4800000000000026,-0.901566484673,-1.82866915032,21.7469041101,6.22156144144,0.0714451942793,0.0,-0.972091539608,-1.49518330709,5.9858404901,-0.0644458397257,0.0127153706608,0.0,451.84046836532093,452.0409012725656,454.5066545449127,451.69115333686364
3.5400000000000027,-0.961316158176,-1.91965804298,22.1080494257,6.21804867387,0.0719514024516,0.0,-1.01960656216,-1.5381167624,6.05189837435,-0.0487929633941,-0.00190088972012,0.0,461.130386499381,459.97399811432615,462.31498383561063,463.5445906458729
3.6000000000000028,-1.02375051537,-2.0131302059,22.470720357,6.21553970925,0.0725274500684,0.0,-1.06157574072,-1.57786360012,6.03714484543,-0.0306184062458,0.0260801555518,0.0,436.59558964082515,438.9244133170716,436.06060496564214,437.575481641742
3.660000000000003,-1.08879306034,-2.10909821452,22.8335088994,6.21327350963,0.0736620185148,0.0,-1.10663424809,-1.62125159646,6.05563220909,-0.058586988918,-0.00200314959025,0.0,448.6034369739205,446.3167172618851,449.402367189695,447.1282439017463
3.720000000000003,-1.15649703559,-2.20766146057,23.1965893348,6.20984956411,0.0744317226238,0.0,-1.1502114545,-1.66449742304,6.04701087069,-0.0541859263992,0.0325451425559,0.0,437.09710326292134,439.96748410539806,440.527991678841,440.88957239709214
3.780000000000003,-1.22681125107,-2.30885531167,23.5588084453,6.20670440794,0.0762509998291,0.0,-1.19376782217,-1.70891511152,6.0269687805,-0.0491025635025,0.0254555506237,0.0,437.3858967505488,436.795234196529,434.7794310091227,435.2033577954515
3.840000000000003,-1.29980346391,-2.41280208601,23.9202394886,6.20352717818,0.0782170263995,0.0,-1.23946722283,-1.75625109124,6.02066487396,-0.0620500388031,0.0443977759256,0.0,440.0113878107829,441.57750247782985,440.63584841981736,439.56203117211965
3.900000000000003,-1.37577955348,-2.51985544695,24.283840694,6.1996046737,0.080856472373,0.0,-1.29330068711,-1.81254109364,6.09881252648,-0.0730253974078,0.0431643101023,0.0,467.2524712055007,467.157268929201,467.0486750383852,466.1887273341073
3.960000000000003,-1.45507248427,-2.63040244193,24.6525123466,6.1953630567,0.0834415590751,0.0,-1.3500196188,-1.87275267007,6.18958621073,-0.0663983853647,0.0429252844408,0.0,471.1974246050839,471.1798522275626,472.2781560683682,472.78561129919683
4.020000000000002,-1.53727334492,-2.74407123294,25.0201030553,6.19096354183,0.0858426437279,0.0,-1.39024386783,-1.91655871546,6.06400310938,-0.0931181503792,0.0334585073739,0.0,403.0833430802454,402.2276729647694,405.20464196027893,402.78963401693267
4.080000000000001,-1.62235198727,-2.86089898747,25.3851015031,6.18563113409,0.0874582715419,0.0,-1.44587056956,-1.97818692705,6.10222819978,-0.0815120184397,0.00879909937145,0.0,457.6290103448152,455.6616309357294,455.06019956128927,455.98207207890425
4.14,-1.71098808916,-2.98173938038,25.754549743,6.18072592316,0.0881474486705,0.0,-1.5086839479,-2.05027702405,6.21193511638,-0.0822406280981,0.0163815408139,0.0,478.33833923044506,478.91540121867763,478.4138723835093,478.3534883926141
4.199999999999998,-1.80319550843,-3.10675768393,26.1281286383,6.17642593134,0.0891418195137,0.0,-1.56498112498,-2.11740685846,6.24036918263,-0.0561853598898,0.0169527223583,0.0,455.3121565634638,455.3577670252144,454.4650903674244,456.54509164570396
4.259999999999997,-1.8984794977,-3.23549562106,26.4998124385,6.17348593708,0.0898960592184,0.0,-1.61127579453,-2.17415950688,6.14947445116,-0.0375327353291,0.00192467490924,0.0,417.81577037667284,416.5030612414631,416.6552032039219,418.2814260583372
4.319999999999996,-1.99708043125,-3.36832698065,26.8718379467,6.17084626361,0.0900330142705,0.0,-1.67539647107,-2.25375416593,6.25067205259,-0.0618348259524,0.00298901904185,0.0,477.36794125563466,477.4491208206003,478.33537169673696,476.4796032061181
4.379999999999995,-2.09929631707,-3.50570029271,27.247285556,6.16734947047,0.0903879732381,0.0,-1.73183028797,-2.32568391831,6.26401764094,-0.0519818175885,0.0112073204012,0.0,451.66864822606516,452.3310269804937,451.6874577014077,452.4792256352902
4.439999999999993,-2.20474206917,-3.64724080142,27.6216782577,6.16428248248,0.0909972973028,0.0,-1.78311837137,-2.3926326876,6.21586686638,-0.0494402102428,0.00796388977417,0.0,433.6772681811145,433.40455894720156,431.9378903691541,432.1504844766952
4.499999999999992,-2.31334091215,-3.79293475552,27.9938437461,6.16113238116,0.0914277524706,0.0,-1.83690971672,-2.46412623722,6.18964652529,-0.0594585213115,0.00554622025252,0.0,439.30077158428503,439.10009239184916,440.5380530463228,439.7068253741877
4.559999999999991,-2.42521467457,-3.94302718889,28.3648097615,6.15702478637,0.09178858167,0.0,-1.89226802606,-2.53929924713,6.17579479521,-0.100449950864,0.00693303074273,0.0,443.68468849148553,443.798458666658,445.2699653086584,441.89866179577155
4.6199999999999894,-2.5407153876,-4.09811874448,28.7380855052,6.15118877455,0.0927542582829,0.0,-1.95779335771,-2.63095456049,6.26595850748,-0.0915633476272,0.0299879028006,0.0,474.5862232639678,476.3528110961151,476.3706608462705,477.04242868296456
4.679999999999988,-2.65989447239,-4.25843045866,29.1137484209,6.1458932683,0.0948015093157,0.0,-2.01502310904,-2.71324751153,6.25594166044,-0.0823588915379,0.0413158412708,0.0,446.23638205645216,447.1608312339926,446.49577428917024,447.2397986613543
4.739999999999987,-2.78228289974,-4.42339137368,29.4860240306,6.14134481389,0.0974209055942,0.0,-2.06484087538,-2.785886797,6.15359608904,-0.0651730100386,0.0479680480308,0.0,415.99964823331743,416.58310206687315,416.45450608710377,417.95037354495065
4.799999999999986,-2.90814860207,-4.59342471086,29.8566178231,6.13747362622,0.100103784435,0.0,-2.1309268027,-2.88223659551,6.19899843319,-0.0632449557938,0.0372532505295,0.0,464.4571078810998,463.6168423464429,463.6028576771707,463.7514981192765
4.859999999999984,-3.03756225904,-4.76863936177,30.2252917942,6.13364501805,0.102230833432,0.0,-2.18309327532,-2.95863998157,6.09052444736,-0.0649645915056,0.031578434934,0.0,415.0881204386572,414.5903196109892,415.26166730910955,415.1074662222365
4.919999999999983,-3.17045913643,-4.9489651712,30.5904905795,6.12952446975,0.104280763322,0.0,-2.24699017479,-3.05259470074,6.08254566622,-0.0773780352993,0.0388927807331,0.0,447.31714039873464,447.91299247449854,447.81519598534567,446.8004565074065
4.979999999999982,-3.30733418607,-5.13516001706,30.9561396466,6.12518788942,0.106754621684,0.0,-2.31572601838,-3.15430462101,6.10531626361,-0.0636487736769,0.0455381538909,0.0,457.4111028345226,457.9409782678795,457.1398418112843,458.2288537491253
5.0399999999999805,-3.44854223508,-5.32777373284,31.3245610472,6.12156333371,0.109521236595,0.0,-2.39144276027,-3.26647421611,6.17467118858,-0.0546132391538,0.0472302269405,0.0,473.2820444859711,473.4133965005106,472.1241248911743,472.8185330610696
